# unix_time, cycles_done, cur_path, paths_total, pending_total, pending_favs, map_size, unique_crashes, unique_hangs, max_depth, execs_per_sec
1707460992, 0, 0, 353, 353, 99, 6.68%, 0, 0, 2, 78.49
1707460997, 0, 1, 417, 417, 99, 6.70%, 0, 0, 2, 917.46
1707461008, 0, 1, 418, 418, 99, 6.70%, 0, 0, 2, 798.51
1707461023, 0, 1, 419, 419, 99, 6.70%, 0, 0, 2, 523.15
1707461038, 0, 1, 420, 420, 99, 6.70%, 0, 0, 2, 650.39
1707461043, 0, 1, 421, 421, 99, 6.70%, 0, 0, 2, 555.64
1707461048, 0, 1, 429, 429, 99, 6.72%, 0, 0, 2, 687.66
1707461064, 0, 1, 441, 441, 99, 6.74%, 0, 0, 2, 1210.76
1707461069, 0, 2, 462, 461, 117, 6.77%, 0, 0, 2, 1585.41
1707461074, 0, 2, 488, 487, 117, 6.78%, 0, 0, 2, 857.07
1707461079, 0, 2, 493, 492, 117, 6.78%, 0, 0, 2, 836.61
1707461084, 0, 2, 497, 496, 117, 6.78%, 0, 0, 2, 601.96
1707461089, 0, 2, 498, 497, 117, 6.78%, 0, 0, 2, 594.40
1707461094, 0, 2, 500, 499, 117, 6.78%, 0, 0, 2, 706.42
1707461099, 0, 2, 502, 501, 117, 6.78%, 0, 0, 2, 711.55
1707461110, 0, 2, 505, 504, 117, 6.78%, 0, 0, 2, 611.68
1707461115, 0, 2, 507, 506, 117, 6.78%, 0, 0, 2, 700.82
1707461120, 0, 4, 565, 563, 125, 6.80%, 0, 0, 2, 693.75
1707461125, 0, 4, 572, 570, 125, 6.80%, 0, 0, 2, 560.38
1707461130, 0, 4, 575, 573, 125, 6.80%, 0, 0, 2, 541.07
1707461135, 0, 4, 579, 577, 125, 6.80%, 0, 0, 2, 646.53
1707461140, 0, 4, 581, 579, 125, 6.80%, 0, 0, 2, 617.57
1707461145, 0, 4, 583, 581, 125, 6.80%, 0, 0, 2, 504.52
1707461150, 0, 4, 584, 582, 125, 6.80%, 0, 0, 2, 434.59
